6170.272 0.007
6170.280 0.008
6170.288 0.008
6170.296 0.008
6170.304 0.008
6170.312 0.009
6170.319 0.009
6170.327 0.008
6170.335 0.008
6170.343 0.009
6170.351 0.009
6170.359 0.009
6170.367 0.009
6170.375 0.009
6170.382 0.009
6170.390 0.009
6170.398 0.010
6170.406 0.009
6170.414 0.010
6170.421 0.010
6170.429 0.011
6170.438 0.011
6170.445 0.012
6170.453 0.013
6170.461 0.014
6170.469 0.014
6170.477 0.016
6170.484 0.016
6170.492 0.016
6170.500 0.018
6170.508 0.017
6170.516 0.017
6170.524 0.016
6170.532 0.015
6170.540 0.015
6170.547 0.015
6170.555 0.014
6170.563 0.014
6170.571 0.014
6170.579 0.014
6170.587 0.014
6170.595 0.013
6170.603 0.013
6170.610 0.013
6170.618 0.013
6170.626 0.013
6170.634 0.013
6170.642 0.013
6170.649 0.014
6170.657 0.013
6170.666 0.013
6170.673 0.015
6170.681 0.013
6170.689 0.014
6170.697 0.015
6170.705 0.015
6170.712 0.015
6170.720 0.015
6170.728 0.016
6170.736 0.016
6170.744 0.016
6170.752 0.016
6170.760 0.016
6170.768 0.016
6170.775 0.017
6170.783 0.017
6170.791 0.017
6170.799 0.017
6170.807 0.018
6170.814 0.018
6170.823 0.019
6170.831 0.018
6170.838 0.019
6170.846 0.019
6170.854 0.019
6170.862 0.019
6170.870 0.019
6170.877 0.020
6170.885 0.020
6170.893 0.021
6170.901 0.020
6170.909 0.022
6170.917 0.021
6170.925 0.022
6170.933 0.021
6170.940 0.023
6170.948 0.023
6170.956 0.023
6170.964 0.025
6170.972 0.025
6170.980 0.024
6170.988 0.025
6170.996 0.026
6171.003 0.026
6171.011 0.026
6171.019 0.027
6171.027 0.027
6171.035 0.027
6171.042 0.029
6171.051 0.028
6171.059 0.029
6171.066 0.029
6171.074 0.030
6171.082 0.030
6171.090 0.031
6171.098 0.030
6171.105 0.033
6171.113 0.033
6171.121 0.033
6171.129 0.033
6171.137 0.034
6171.145 0.035
6171.153 0.036
6171.161 0.036
6171.168 0.037
6171.176 0.038
6171.184 0.038
6171.192 0.038
6171.200 0.039
6171.208 0.040
6171.216 0.041
6171.224 0.042
6171.231 0.042
6171.239 0.043
6171.247 0.044
6171.255 0.045
6171.263 0.047
6171.271 0.047
6171.278 0.047
6171.287 0.049
6171.294 0.049
6171.302 0.051
6171.310 0.052
6171.318 0.053
6171.326 0.056
6171.333 0.055
6171.341 0.057
6171.349 0.059
6171.357 0.060
6171.365 0.060
6171.373 0.061
6171.381 0.062
6171.389 0.064
6171.396 0.066
6171.404 0.068
6171.412 0.069
6171.420 0.070
6171.428 0.072
6171.436 0.074
6171.444 0.076
6171.452 0.077
6171.459 0.080
6171.467 0.082
6171.475 0.083
6171.483 0.083
6171.491 0.086
6171.499 0.089
6171.506 0.091
6171.515 0.093
6171.522 0.096
6171.530 0.097
6171.538 0.100
6171.546 0.103
6171.554 0.105
6171.562 0.108
6171.569 0.113
6171.577 0.114
6171.585 0.117
6171.593 0.119
6171.601 0.123
6171.609 0.124
6171.617 0.130
6171.625 0.134
6171.632 0.139
6171.640 0.139
6171.648 0.144
6171.656 0.149
6171.664 0.151
6171.672 0.153
6171.680 0.160
6171.688 0.165
6171.695 0.168
6171.703 0.173
6171.711 0.178
6171.719 0.185
6171.727 0.186
6171.734 0.192
6171.742 0.195
6171.750 0.202
6171.758 0.209
6171.766 0.213
6171.774 0.218
6171.782 0.224
6171.790 0.233
6171.797 0.239
6171.805 0.242
6171.813 0.250
6171.821 0.256
6171.829 0.266
6171.837 0.267
6171.845 0.279
6171.853 0.283
6171.860 0.293
6171.868 0.302
6171.876 0.311
6171.884 0.318
6171.892 0.324
6171.900 0.335
6171.908 0.343
6171.916 0.356
6171.923 0.361
6171.931 0.371
6171.939 0.381
6171.947 0.388
6171.955 0.404
6171.962 0.409
6171.970 0.419
6171.979 0.431
6171.986 0.437
6171.994 0.453
6172.002 0.458
6172.010 0.469
6172.018 0.481
6172.025 0.494
6172.033 0.505
6172.041 0.520
6172.049 0.522
6172.057 0.535
6172.065 0.549
6172.073 0.554
6172.081 0.574
6172.088 0.588
6172.096 0.596
6172.104 0.608
6172.112 0.612
6172.120 0.632
6172.127 0.641
6172.136 0.656
6172.144 0.660
6172.151 0.677
6172.159 0.688
6172.167 0.695
6172.175 0.711
6172.183 0.721
6172.190 0.724
6172.198 0.743
6172.206 0.751
6172.214 0.763
6172.222 0.771
6172.230 0.778
6172.238 0.792
6172.246 0.802
6172.253 0.812
6172.261 0.820
6172.269 0.827
6172.277 0.828
6172.285 0.842
6172.293 0.856
6172.301 0.868
6172.309 0.867
6172.316 0.867
6172.324 0.879
6172.332 0.887
6172.340 0.897
6172.348 0.902
6172.355 0.904
6172.363 0.910
6172.372 0.911
6172.379 0.921
6172.387 0.930
6172.395 0.929
6172.403 0.933
6172.411 0.939
6172.418 0.948
6172.426 0.944
6172.434 0.955
6172.442 0.948
6172.450 0.963
6172.458 0.958
6172.466 0.967
6172.474 0.961
6172.481 0.971
6172.489 0.967
6172.497 0.970
6172.505 0.973
6172.513 0.970
6172.521 0.969
6172.529 0.971
6172.537 0.979
6172.544 0.983
6172.552 0.972
6172.560 0.985
6172.568 0.979
6172.576 0.980
6172.583 0.984
6172.591 0.985
6172.600 0.988
6172.607 0.978
6172.615 0.981
6172.623 0.989
6172.631 0.988
6172.639 0.990
6172.646 0.982
6172.654 0.979
6172.662 0.986
6172.670 0.989
6172.678 0.989
6172.686 0.985
6172.694 0.986
6172.702 0.981
6172.709 0.988
6172.717 0.994
6172.725 0.987
6172.733 0.979
6172.741 0.985
6172.749 0.984
6172.757 0.993
6172.765 0.988
6172.772 0.989
6172.780 0.989
6172.788 0.979
6172.796 0.982
6172.804 0.994
6172.812 0.989
6172.819 0.986
6172.827 0.985
6172.835 0.987
6172.843 0.990
6172.851 0.991
6172.859 0.986
6172.867 0.983
6172.875 0.993
6172.882 0.984
6172.890 0.994
6172.898 0.985
6172.906 0.990
6172.914 0.994
6172.922 0.991
6172.930 0.994
6172.938 0.999
6172.945 0.991
6172.953 0.992
6172.961 0.997
6172.969 0.989
6172.977 0.992
6172.985 0.993
6172.993 0.990
6173.000 0.992
6173.008 0.997
6173.016 0.997
6173.024 0.988
6173.032 0.990
6173.040 0.988
6173.047 0.990
6173.055 0.994
6173.063 0.991
6173.071 0.994
6173.079 0.992
6173.087 0.991
6173.095 0.999
6173.103 0.989
6173.110 0.994
6173.118 0.989
6173.126 0.996
6173.134 0.995
6173.142 0.995
6173.150 0.999
6173.158 0.995
6173.166 0.991
6173.173 0.993
6173.181 0.995
6173.189 0.990
6173.197 0.992
6173.205 0.983
6173.212 0.992
6173.221 0.996
6173.229 1.000
6173.236 1.000
6173.244 0.985
6173.252 0.984
6173.260 0.982
6173.268 0.994
6173.275 0.986
6173.283 0.997
6173.291 0.988
6173.299 0.983
6173.307 0.985
6173.315 0.983
6173.323 0.988
6173.331 0.984
6173.338 0.986
6173.346 0.985
6173.354 0.980
6173.362 0.978
6173.370 0.975
6173.378 0.970
6173.386 0.973
6173.394 0.970
6173.401 0.968
6173.409 0.965
6173.417 0.968
6173.425 0.964
6173.433 0.965
6173.440 0.973
6173.449 0.967
6173.457 0.974
6173.464 0.960
6173.472 0.968
6173.480 0.972
6173.488 0.969
6173.496 0.967
6173.503 0.973
6173.511 0.965
6173.519 0.965
6173.527 0.967
6173.535 0.968
6173.543 0.967
6173.551 0.967
6173.559 0.965
6173.566 0.971
6173.574 0.960
6173.582 0.966
6173.590 0.961
6173.598 0.961
6173.606 0.965
6173.614 0.958
6173.622 0.959
6173.629 0.966
6173.637 0.953
6173.645 0.962
6173.653 0.964
6173.661 0.959
6173.668 0.955
6173.676 0.950
6173.685 0.956
6173.692 0.948
6173.700 0.957
6173.708 0.952
6173.716 0.948
6173.724 0.947
6173.731 0.953
6173.739 0.951
6173.747 0.953
6173.755 0.947
6173.763 0.948
6173.771 0.950
6173.779 0.953
6173.787 0.953
6173.794 0.949
6173.802 0.948
6173.810 0.947
6173.818 0.952
6173.826 0.952
6173.834 0.951
6173.842 0.951
6173.850 0.943
6173.857 0.945
6173.865 0.951
6173.873 0.947
6173.881 0.950
6173.889 0.946
6173.896 0.947
6173.904 0.951
6173.913 0.963
6173.920 0.952
6173.928 0.954
6173.936 0.948
6173.944 0.961
6173.952 0.959
6173.959 0.958
6173.967 0.956
6173.975 0.956
6173.983 0.961
6173.991 0.957
6173.999 0.962
6174.007 0.961
6174.015 0.962
6174.022 0.959
6174.030 0.955
6174.038 0.968
6174.046 0.970
6174.054 0.960
6174.062 0.965
6174.070 0.965
6174.078 0.967
6174.085 0.970
6174.093 0.959
6174.101 0.963
6174.109 0.970
6174.117 0.970
6174.125 0.969
6174.132 0.963
6174.140 0.967
6174.148 0.971
6174.156 0.965
6174.164 0.973
6174.172 0.960
6174.180 0.963
6174.188 0.953
6174.195 0.963
6174.203 0.962
6174.211 0.964
6174.219 0.952
6174.227 0.951
6174.235 0.953
6174.243 0.952
6174.250 0.948
6174.258 0.937
6174.266 0.941
6174.274 0.940
6174.282 0.940
6174.290 0.933
6174.298 0.932
6174.306 0.925
6174.313 0.914
6174.321 0.911
6174.329 0.914
6174.337 0.906
6174.345 0.899
6174.353 0.883
6174.360 0.882
6174.368 0.884
6174.376 0.880
6174.384 0.870
6174.392 0.853
6174.400 0.849
6174.408 0.841
6174.416 0.828
6174.423 0.830
6174.431 0.817
6174.439 0.803
6174.447 0.792
6174.455 0.786
6174.463 0.775
6174.471 0.769
6174.479 0.749
6174.486 0.743
6174.494 0.732
6174.502 0.721
6174.510 0.713
6174.518 0.699
6174.525 0.683
6174.534 0.670
6174.542 0.665
6174.549 0.648
6174.557 0.642
6174.565 0.626
6174.573 0.618
6174.581 0.602
6174.588 0.588
6174.596 0.582
6174.604 0.563
6174.612 0.553
6174.620 0.542
6174.628 0.535
6174.636 0.520
6174.644 0.505
6174.651 0.489
6174.659 0.483
6174.667 0.471
6174.675 0.456
6174.683 0.447
6174.691 0.438
6174.699 0.430
6174.707 0.417
6174.714 0.403
6174.722 0.396
6174.730 0.384
6174.738 0.373
6174.746 0.367
6174.753 0.354
6174.762 0.346
6174.770 0.339
6174.777 0.326
6174.785 0.319
6174.793 0.308
6174.801 0.301
6174.809 0.295
6174.816 0.284
6174.824 0.274
6174.832 0.268
6174.840 0.260
6174.848 0.257
6174.856 0.247
6174.864 0.238
6174.872 0.233
6174.879 0.229
6174.887 0.225
6174.895 0.219
6174.903 0.205
6174.911 0.203
6174.919 0.195
6174.927 0.191
6174.935 0.188
6174.942 0.183
6174.950 0.176
6174.958 0.169
6174.966 0.167
6174.974 0.165
6174.981 0.159
6174.989 0.153
6174.998 0.151
6175.005 0.142
6175.013 0.140
6175.021 0.139
6175.029 0.136
6175.037 0.132
6175.044 0.126
6175.052 0.123
6175.060 0.120
6175.068 0.117
6175.076 0.114
6175.084 0.111
6175.092 0.107
6175.100 0.107
6175.107 0.103
6175.115 0.100
6175.123 0.098
6175.131 0.096
6175.139 0.094
6175.146 0.091
6175.155 0.089
6175.163 0.087
6175.170 0.083
6175.178 0.081
6175.186 0.079
6175.194 0.080
6175.202 0.076
6175.209 0.073
6175.217 0.072
6175.226 0.070
6175.233 0.069
6175.241 0.068
6175.249 0.066
6175.257 0.064
6175.265 0.063
6175.272 0.063
6175.280 0.060
6175.288 0.059
6175.296 0.057
6175.304 0.056
6175.312 0.055
6175.320 0.055
6175.328 0.053
6175.335 0.053
6175.343 0.052
6175.351 0.052
6175.359 0.054
6175.367 0.053
6175.375 0.054
6175.383 0.050
6175.391 0.051
6175.398 0.047
6175.406 0.047
6175.414 0.047
6175.422 0.043
6175.430 0.042
6175.438 0.041
6175.445 0.040
6175.453 0.038
6175.461 0.037
6175.469 0.037
6175.477 0.037
6175.485 0.034
6175.493 0.035
6175.500 0.033
6175.508 0.032
6175.516 0.031
6175.524 0.032
6175.532 0.032
6175.540 0.031
